%YAML:1.0
calibration_time: "Wed Jan  9 14:07:41 2013"
image_width: 1280
image_height: 720
board_width: 9
board_height: 6
square_size: 2.5000000372529030e-02
flags: 0
camera_matrix: !!opencv-matrix
   rows: 3
   cols: 3
   dt: d
   data: [ 1.0248541911803745e+03, 0., 6.7974749812017558e+02, 0.,
       1.0299113834199086e+03, 3.6415855613324800e+02, 0., 0., 1. ]
distortion_coefficients: !!opencv-matrix
   rows: 5
   cols: 1
   dt: d
   data: [ 5.6751152141438770e-02, -2.2900731867315141e-01,
       1.2646426154328287e-02, 1.3795997936322963e-02,
       1.2963991348083785e+00 ]
avg_reprojection_error: 4.7740976208443087e-01
image_points: !!opencv-matrix
   rows: 10
   cols: 54
   dt: "2f"
   data: [ 1.00400995e+03, 2.53604874e+02, 9.95423889e+02,
       2.83360718e+02, 9.86819702e+02, 3.13088593e+02, 9.77529968e+02,
       3.43164764e+02, 9.68319275e+02, 3.72975281e+02, 9.59135010e+02,
       4.03043457e+02, 9.50012756e+02, 4.33276581e+02, 9.40961792e+02,
       4.63463928e+02, 9.31901123e+02, 4.93578735e+02, 9.74084656e+02,
       2.44473083e+02, 9.65272156e+02, 2.74180023e+02, 9.56723145e+02,
       3.03769806e+02, 9.47773804e+02, 3.33843231e+02, 9.38465637e+02,
       3.63792450e+02, 9.29320740e+02, 3.93705566e+02, 9.19878418e+02,
       4.23869690e+02, 9.10821899e+02, 4.53975464e+02, 9.01550415e+02,
       4.84223724e+02, 9.44239563e+02, 2.35335678e+02, 9.35190674e+02,
       2.65078308e+02, 9.26520020e+02, 2.94564880e+02, 9.17666626e+02,
       3.24588654e+02, 9.08532532e+02, 3.54504181e+02, 8.99264526e+02,
       3.84457764e+02, 8.89843811e+02, 4.14435425e+02, 8.80632690e+02,
       4.44615051e+02, 8.71442566e+02, 4.74677460e+02, 9.14288635e+02,
       2.26241028e+02, 9.05124084e+02, 2.55794601e+02, 8.96428040e+02,
       2.85499603e+02, 8.87506165e+02, 3.15288452e+02, 8.78390137e+02,
       3.45298401e+02, 8.69242798e+02, 3.75166290e+02, 8.59924561e+02,
       4.05262421e+02, 8.50529907e+02, 4.35234039e+02, 8.41406860e+02,
       4.65354340e+02, 8.84370239e+02, 2.17068024e+02, 8.75328491e+02,
       2.46688446e+02, 8.66469299e+02, 2.76378479e+02, 8.57546875e+02,
       3.06128723e+02, 8.48403564e+02, 3.36010651e+02, 8.39057373e+02,
       3.65892090e+02, 8.29903442e+02, 3.95902771e+02, 8.20601379e+02,
       4.25902161e+02, 8.11283264e+02, 4.55966644e+02, 8.54511169e+02,
       2.08019760e+02, 8.45384583e+02, 2.37584213e+02, 8.36586487e+02,
       2.67129791e+02, 8.27576904e+02, 2.96944214e+02, 8.18331665e+02,
       3.26889282e+02, 8.09152466e+02, 3.56573303e+02, 7.99858276e+02,
       3.86823364e+02, 7.90512573e+02, 4.16624512e+02, 7.81376709e+02,
       4.46673950e+02, 9.73872070e+02, 2.47072250e+02, 9.65803589e+02,
       2.77122040e+02, 9.57825806e+02, 3.07117767e+02, 9.49070679e+02,
       3.37600006e+02, 9.40422791e+02, 3.67952423e+02, 9.31801208e+02,
       3.98658966e+02, 9.23296509e+02, 4.29356995e+02, 9.14761108e+02,
       4.60332550e+02, 9.06217773e+02, 4.91125000e+02, 9.43645020e+02,
       2.38280487e+02, 9.35356750e+02, 2.68217224e+02, 9.27377319e+02,
       2.98334351e+02, 9.18996338e+02, 3.28628632e+02, 9.10159363e+02,
       3.59194641e+02, 9.01501709e+02, 3.89569580e+02, 8.92738708e+02,
       4.20337158e+02, 8.83953064e+02, 4.51207092e+02, 8.75306885e+02,
       4.82015808e+02, 9.13490234e+02, 2.29548523e+02, 9.05003418e+02,
       2.59557709e+02, 8.96835144e+02, 2.89502228e+02, 8.88547241e+02,
       3.19737427e+02, 8.79772644e+02, 3.50151428e+02, 8.71181213e+02,
       3.80693512e+02, 8.62075134e+02, 4.11354187e+02, 8.53385620e+02,
       4.42143585e+02, 8.44682312e+02, 4.72933533e+02, 8.83102478e+02,
       2.20696564e+02, 8.74482056e+02, 2.50712921e+02, 8.66479431e+02,
       2.80569672e+02, 8.58015991e+02, 3.10881531e+02, 8.49268311e+02,
       3.41390381e+02, 8.40576721e+02, 3.71582367e+02, 8.31569153e+02,
       4.02288635e+02, 8.22705750e+02, 4.33107697e+02, 8.13962280e+02,
       4.64034790e+02, 8.53000061e+02, 2.12015915e+02, 8.44555237e+02,
       2.41824280e+02, 8.35976318e+02, 2.71761597e+02, 8.27382935e+02,
       3.02017151e+02, 8.18882629e+02, 3.32403107e+02, 8.10013062e+02,
       3.62883301e+02, 8.00999390e+02, 3.93454987e+02, 7.92218140e+02,
       4.24294800e+02, 7.83304565e+02, 4.54902191e+02, 8.22748596e+02,
       2.03234848e+02, 8.14295166e+02, 2.33050720e+02, 8.05877014e+02,
       2.63065979e+02, 7.97193054e+02, 2.93153412e+02, 7.88390747e+02,
       3.23763367e+02, 7.79574646e+02, 3.54066925e+02, 7.70614868e+02,
       3.84638000e+02, 7.61727844e+02, 4.15403900e+02, 7.52856750e+02,
       4.46057434e+02, 7.83818665e+02, 1.89136612e+02, 7.78104675e+02,
       2.23274063e+02, 7.72434387e+02, 2.57245911e+02, 7.66121155e+02,
       2.91589325e+02, 7.59657104e+02, 3.26054413e+02, 7.53905579e+02,
       3.60361420e+02, 7.48164612e+02, 3.94799469e+02, 7.41971252e+02,
       4.29349335e+02, 7.36189575e+02, 4.64019623e+02, 7.49992554e+02,
       1.83490952e+02, 7.43822754e+02, 2.17494446e+02, 7.38106934e+02,
       2.51459503e+02, 7.32242188e+02, 2.86048950e+02, 7.25989563e+02,
       3.20157776e+02, 7.20214172e+02, 3.54416229e+02, 7.13939697e+02,
       3.88895294e+02, 7.07774231e+02, 4.23502258e+02, 7.01982910e+02,
       4.58097565e+02, 7.15999451e+02, 1.77712341e+02, 7.09784973e+02,
       2.11555710e+02, 7.04064148e+02, 2.45791336e+02, 6.98099915e+02,
       2.80063538e+02, 6.91978088e+02, 3.14311890e+02, 6.85879272e+02,
       3.48678772e+02, 6.79712646e+02, 3.83297699e+02, 6.73589966e+02,
       4.17760559e+02, 6.67734131e+02, 4.52302002e+02, 6.82283813e+02,
       1.71928696e+02, 6.75658325e+02, 2.05910431e+02, 6.69644043e+02,
       2.39825745e+02, 6.63689514e+02, 2.74235474e+02, 6.57657593e+02,
       3.08556274e+02, 6.51432861e+02, 3.42926300e+02, 6.45562866e+02,
       3.77458923e+02, 6.39322449e+02, 4.12029205e+02, 6.33374512e+02,
       4.46632294e+02, 6.47797119e+02, 1.65958954e+02, 6.41803894e+02,
       1.99974808e+02, 6.35559937e+02, 2.34027405e+02, 6.29491516e+02,
       2.68300842e+02, 6.23279053e+02, 3.02691925e+02, 6.17454285e+02,
       3.37272583e+02, 6.11154724e+02, 3.71712769e+02, 6.05090515e+02,
       4.06406586e+02, 5.98815063e+02, 4.40824341e+02, 6.13710815e+02,
       1.60070374e+02, 6.07354736e+02, 1.94190506e+02, 6.01626953e+02,
       2.28248962e+02, 5.95314270e+02, 2.62370026e+02, 5.89165710e+02,
       2.97064514e+02, 5.83019348e+02, 3.31583435e+02, 5.76706482e+02,
       3.66159180e+02, 5.70744446e+02, 4.00739044e+02, 5.64482971e+02,
       4.35455963e+02, 7.25355347e+02, 1.93228973e+02, 7.20665771e+02,
       2.28370621e+02, 7.15853333e+02, 2.63400330e+02, 7.10889160e+02,
       2.98843994e+02, 7.06096008e+02, 3.34142639e+02, 7.01328857e+02,
       3.69433014e+02, 6.96417725e+02, 4.04769257e+02, 6.91529602e+02,
       4.40107117e+02, 6.86858459e+02, 4.75577728e+02, 6.90435242e+02,
       1.88675980e+02, 6.85552185e+02, 2.23636215e+02, 6.80681763e+02,
       2.58634033e+02, 6.76062439e+02, 2.93993958e+02, 6.71204468e+02,
       3.29309326e+02, 6.66264038e+02, 3.64387360e+02, 6.61492920e+02,
       3.99729919e+02, 6.56718445e+02, 4.35129974e+02, 6.51906006e+02,
       4.70305603e+02, 6.55295776e+02, 1.83624420e+02, 6.50606628e+02,
       2.18875198e+02, 6.45702148e+02, 2.53840134e+02, 6.41120728e+02,
       2.89214600e+02, 6.36044067e+02, 3.24377411e+02, 6.31441528e+02,
       3.59568420e+02, 6.26446533e+02, 3.94663177e+02, 6.21778381e+02,
       4.30022919e+02, 6.16674438e+02, 4.65346527e+02, 6.20387024e+02,
       1.79038452e+02, 6.15607056e+02, 2.14028885e+02, 6.10631409e+02,
       2.49188644e+02, 6.05729248e+02, 2.84313751e+02, 6.00995728e+02,
       3.19455444e+02, 5.96210510e+02, 3.54632355e+02, 5.91395691e+02,
       3.89866913e+02, 5.86498596e+02, 4.25190826e+02, 5.81942200e+02,
       4.60400177e+02, 5.85226379e+02, 1.74211212e+02, 5.80712952e+02,
       2.09362473e+02, 5.75831909e+02, 2.44349670e+02, 5.70932922e+02,
       2.79462402e+02, 5.66138428e+02, 3.14690826e+02, 5.61426697e+02,
       3.49775635e+02, 5.56426270e+02, 3.85131927e+02, 5.51895264e+02,
